STARLINK-35523          
1 65910U 25225A   25310.70018568  .00084860  00000+0  15129-2 0  9998
2 65910  53.1604  18.6774 0001090  96.8568 263.2565 15.49392342  5553
STARLINK-35160          
1 65911U 25225B   25310.76434710  .00074246  00000+0  13281-2 0  9990
2 65911  53.1601  18.3671 0001174  88.1153 271.9991 15.49357670  5566
STARLINK-35508          
1 65912U 25225C   25310.69948331  .00060860  00000+0  10933-2 0  9990
2 65912  53.1604  18.6720 0001173  73.4639 286.6499 15.49321178  5552
STARLINK-35472          
1 65913U 25225D   25310.69915284  .00079075  00000+0  14132-2 0  9995
2 65913  53.1606  18.6702 0001140  92.0391 268.0749 15.49355562  5557
STARLINK-35524          
1 65914U 25225E   25310.69881043  .00069371  00000+0  12425-2 0  9992
2 65914  53.1602  18.6680 0001245  87.4542 272.6609 15.49349870  5552
STARLINK-35539          
1 65915U 25225F   25310.70639827  .00072010  00000+0  17910-2 0  9994
2 65915  53.1605  19.4375 0001107  85.5731 274.5400 15.39659527  5543
STARLINK-35521          
1 65916U 25225G   25310.69813561  .00075809  00000+0  13564-2 0  9992
2 65916  53.1605  18.6625 0001165  50.1857 309.9255 15.49341226  5551
STARLINK-35478          
1 65917U 25225H   25310.82645506  .00078957  00000+0  14123-2 0  9999
2 65917  53.1604  18.0414 0001253  60.6019 299.5116 15.49331642  5578
STARLINK-35516          
1 65918U 25225J   25310.82679979  .00100322  00000+0  17866-2 0  9990
2 65918  53.1605  18.0441 0002527  53.6084 306.5158 15.49341889  5578
STARLINK-35519          
1 65919U 25225K   25310.76160487  .00053018  00000+0  95425-3 0  9990
2 65919  53.1601  18.3477 0001631  64.5520 295.5658 15.49326526  5560
STARLINK-33902          
1 65920U 25225L   25310.63224257  .00081779  00000+0  14611-2 0  9996
2 65920  53.1604  18.9612 0001160  87.5975 272.5167 15.49348060  5543
STARLINK-35530          
1 65921U 25225M   25310.76092243  .00088892  00000+0  15869-2 0  9998
2 65921  53.1601  18.3426 0002867  60.4667 299.6628 15.49329485  5565
STARLINK-35544          
1 65922U 25225N   25310.69606142  .00059968  00000+0  10765-2 0  9992
2 65922  53.1604  18.6484 0001155  88.2871 271.8271 15.49347927  5556
STARLINK-35484          
1 65923U 25225P   25310.69571753  .00066512  00000+0  11928-2 0  9997
2 65923  53.1602  18.6461 0001185  94.3085 265.8060 15.49331607  5555
STARLINK-34994          
1 65924U 25225Q   25310.75988409  .00078560  00000+0  14041-2 0  9990
2 65924  53.1601  18.3352 0001593  71.2713 288.8469 15.49355252  5567
STARLINK-35458          
1 65925U 25225R   25310.75920188  .00083965  00000+0  15005-2 0  9997
2 65925  53.1601  18.3304 0002183  62.9461 297.1771 15.49329311  5564
STARLINK-35492          
1 65926U 25225S   25310.69502989  .00045421  00000+0  81874-3 0  9999
2 65926  53.1600  18.6409 0001224  87.8543 272.2606 15.49352218  5557
STARLINK-35494          
1 65927U 25225T   25310.75885878  .00087428  00000+0  15609-2 0  9993
2 65927  53.1602  18.3274 0002167  64.8178 295.3056 15.49336854  5567
STARLINK-35493          
1 65928U 25225U   25310.75817185  .00088121  00000+0  15730-2 0  9996
2 65928  53.1603  18.3226 0002530  59.8918 300.2342 15.49337347  5568
STARLINK-35175          
1 65929U 25225V   25310.75782512  .00103637  00000+0  18441-2 0  9994
2 65929  53.1600  18.3204 0001253  77.4513 282.6636 15.49350428  5564
STARLINK-35513          
1 65930U 25225W   25310.69400041  .00065622  00000+0  11761-2 0  9992
2 65930  53.1602  18.6332 0001103  99.2678 260.8456 15.49355191  5550
STARLINK-35526          
1 65931U 25225X   25310.69297062  .00060523  00000+0  10862-2 0  9996
2 65931  53.1600  18.6258 0001188  87.1867 272.9278 15.49351418  5559
STARLINK-35436          
1 65932U 25225Y   25310.69262742  .00061439  00000+0  11024-2 0  9992
2 65932  53.1600  18.6239 0001362  80.3482 279.7681 15.49351483  5556
STARLINK-35192          
1 65933U 25225Z   25310.75610975  .00075171  00000+0  13456-2 0  9994
2 65933  53.1601  18.3082 0001831  71.1807 288.9401 15.49330848  5566
STARLINK-33921          
1 65934U 25225AA  25310.69228299  .00070229  00000+0  12577-2 0  9994
2 65934  53.1600  18.6213 0001183  84.0636 276.0508 15.49347447  4667
STARLINK-35155          
1 65935U 25225AB  25310.75645563  .00079703  00000+0  14254-2 0  9999
2 65935  53.1601  18.3105 0002675  57.2060 302.9207 15.49330678  4670
STARLINK-35161          
1 65936U 25225AC  25310.69125763  .00068224  00000+0  12223-2 0  9998
2 65936  53.1600  18.6148 0001161  88.9886 271.1257 15.49350300  4661
STARLINK-35473          
1 65937U 25225AD  25310.81992943  .00079565  00000+0  14230-2 0  9995
2 65937  53.1599  17.9964 0001311  74.0555 286.0599 15.49331529  4681
2025-226A               
1 65938U 25226A   25311.28093582  .00013082  00000+0  76291-3 0  9998
2 65938  97.6665  25.4947 0015142 186.7255 173.3775 15.12001352  4119
2025-226B               
1 65939U 25226B   25311.31316796  .00008019  00000+0  49755-3 0  9997
2 65939  97.6616  25.4382 0021242 190.3383 169.7412 15.09797697  4106
2025-226C               
1 65940U 25226C   25311.28294655  .00018223  00000+0  10638-2 0  9999
2 65940  97.6573  25.4618 0015102 184.7306 175.3784 15.11889902  4101
YOTSUBA-KULOVER         
1 65941U 98067XN  25311.27612709  .00062620  00000+0  95170-3 0  9991
2 65941  51.6324 317.4779 0002667  18.7643 341.3445 15.53953751  4334
BOTAN                   
1 65942U 98067XP  25311.26661794  .00083017  00000+0  12070-2 0  9999
2 65942  51.6320 317.4148 0004757  34.2370 325.8927 15.55038987  4332
E-KAGAKU-1              
1 65943U 98067XQ  25311.27568456  .00061564  00000+0  93570-3 0  9990
2 65943  51.6332 317.4755 0004521  22.2723 337.8463 15.53952943  4331
2025-226D               
1 65944U 25226D   25310.37533782  .02250373  00000+0  37671-1 0  9990
2 65944  97.6537  25.1428 0019485 276.7437  83.1595 15.48107374  3994
SHIYAN-31               
1 65945U 25227A   25311.27441694  .00014325  00000+0  65343-3 0  9994
2 65945  80.0056  69.0391 0011586 186.8164 173.2908 15.20477530  3785
CZ-2D R/B               
1 65946U 25227B   25311.29119423  .00014445  00000+0  53119-3 0  9990
2 65946  80.1561  69.3405 0021215 313.2457  46.7003 15.27569999  3809
KUIPER-00101            
1 65947U 25228A   25311.23856627  .00116883  00000+0  33558-2 0  9993
2 65947  51.8781 191.6106 0006036 212.5132 147.5483 15.34926387  4967
KUIPER-00113            
1 65948U 25228B   25311.23436791  .00040873  00000+0  11806-2 0  9997
2 65948  51.8781 191.5864 0005403 214.5241 145.5395 15.35245656  4962
KUIPER-00117            
1 65949U 25228C   25311.23504711  .00040949  00000+0  11843-2 0  9991
2 65949  51.8780 191.5899 0005471 215.6672 144.3949 15.35203577  4963
KUIPER-00121            
1 65950U 25228D   25311.24446297  .00027719  00000+0  82189-3 0  9990
2 65950  51.8794 191.6542 0005335 235.8577 124.1903 15.34614644  4969
KUIPER-00122            
1 65951U 25228E   25311.33335648 -.00007161  00000+0 -24268-3 0  9993
2 65951  51.8821 191.4396 0007194 250.8243 142.2736 15.28394619  3603
KUIPER-00123            
1 65952U 25228F   25311.33335648 -.00689075  00000+0 -27607-1 0  9992
2 65952  51.8822 191.4183 0005591 249.1398 131.9901 15.27095229  1904
KUIPER-00124            
1 65953U 25228G   25311.24720328  .00028415  00000+0  84711-3 0  9990
2 65953  51.8789 191.6693 0005287 245.2304 114.8132 15.34430418  4967
KUIPER-00125            
1 65954U 25228H   25311.24062557  .00017379  00000+0  51647-3 0  9993
2 65954  51.8778 191.6203 0005435 225.9390 134.1149 15.34840072  4962
KUIPER-00126            
1 65955U 25228J   25311.33335648 -.01024760  00000+0 -34578-1 0  9995
2 65955  51.8782 191.2405 0005642 251.3292 227.6170 15.32800072  4407
KUIPER-00127            
1 65956U 25228K   25311.23558931  .00032982  00000+0  95805-3 0  9991
2 65956  51.8783 191.5934 0005780 217.4524 142.6060 15.35169449  4967
KUIPER-00128            
1 65957U 25228L   25311.23903464  .00029023  00000+0  85090-3 0  9994
2 65957  51.8781 191.6189 0005816 221.3226 138.7321 15.34942887  4962
KUIPER-00129            
1 65958U 25228M   25311.33335648 -.00005471  00000+0 -14782-3 0  9992
2 65958  51.8777 191.1580 0005583 217.7223 306.4825 15.34958688  4762
KUIPER-00130            
1 65959U 25228N   25311.24208688  .00029037  00000+0  85614-3 0  9990
2 65959  51.8780 191.6305 0004779 231.7029 128.3527 15.34768840  4964
KUIPER-00134            
1 65960U 25228P   25311.24371507  .00032103  00000+0  94804-3 0  9992
2 65960  51.8774 191.6415 0004847 237.0180 123.0340 15.34666875  4964
KUIPER-00135            
1 65961U 25228Q   25311.24339486  .00032453  00000+0  95857-3 0  9990
2 65961  51.8788 191.6475 0004992 222.2385 137.8217 15.34654595  4962
KUIPER-00136            
1 65962U 25228R   25311.23690405  .00042773  00000+0  12450-2 0  9994
2 65962  51.8783 191.6045 0005320 217.0650 142.9969 15.34982921  4962
KUIPER-00137            
1 65963U 25228S   25311.24265818  .00043797  00000+0  12869-2 0  9993
2 65963  51.8789 191.6432 0004565 230.0910 129.9675 15.34679114  4969
KUIPER-00138            
1 65964U 25228T   25311.24561398  .00034723  00000+0  10320-2 0  9995
2 65964  51.8783 191.6552 0005908 243.6356 116.4024 15.34421571  4964
KUIPER-00140            
1 65965U 25228U   25311.24625269  .00000813  00000+0  35267-4 0  9996
2 65965  51.8790 191.6629 0004882 245.0383 115.0096 15.34410189  4961
KUIPER-00141            
1 65966U 25228V   25311.23963906  .00038621  00000+0  11285-2 0  9999
2 65966  51.8776 191.6159 0005280 222.9313 137.1261 15.34908415  4967
KUIPER-00146            
1 65967U 25228W   25311.24017202  .00035501  00000+0  10399-2 0  9999
2 65967  51.8788 191.6275 0004817 226.3762 133.6824 15.34873786  4969
KUIPER-00149            
1 65968U 25228X   25311.23728829  .00032353  00000+0  94361-3 0  9997
2 65968  51.8778 191.6024 0005174 223.2198 136.8382 15.35053373  4964
KUIPER-00154            
1 65969U 25228Y   25311.23620359  .00042948  00000+0  12441-2 0  9996
2 65969  51.8774 191.5954 0006028 218.0763 141.9797 15.35128803  4969
KUIPER-00157            
1 65970U 25228Z   25311.24375202  .00038382  00000+0  11301-2 0  9994
2 65970  51.8788 191.6501 0004991 240.7780 119.2707 15.34672546  4969
STRIX-5                 
1 65971U 25229A   25311.05919693  .00006081  00000+0  46593-3 0  9996
2 65971  41.9281  76.9364 0038661  37.6652 322.6870 15.01773341  3545
ELECTRON R/B            
1 65972U 25229B   25310.79316528  .00007824  00000+0  59512-3 0  9996
2 65972  41.9279  78.4056 0038674  35.8356 324.5053 15.01772223  3488
ELECTRON KICK STAGE R/B 
1 65973U 25229C   25310.78007803  .00010699  00000+0  78832-3 0  9999
2 65973  41.9839  78.4336 0039851  35.8685 324.4806 15.02678766  3477
SDA_1664                
1 65974U 25230A   25311.26132274  .00000316  00000+0  27079-3 0  9999
2 65974  81.2996  57.5130 0003331  57.2944 302.8534 13.84697523  3095
SDA_1665                
1 65975U 25230B   25311.24961505  .00000337  00000+0  28557-3 0  9990
2 65975  81.3033  57.5095 0005031  98.9714 261.2013 13.85427693  3095
SDA_1666                
1 65976U 25230C   25311.26246824  .00000310  00000+0  26570-3 0  9997
2 65976  81.3005  57.5168 0002972  54.7275 305.4160 13.84626095  3099
SDA_1667                
1 65977U 25230D   25311.25843896  .00000332  00000+0  28371-3 0  9994
2 65977  81.3000  57.5103 0003883  67.7087 292.4482 13.84877248  3091
SDA_1668                
1 65978U 25230E   25311.24895009  .00000360  00000+0  30576-3 0  9998
2 65978  81.3017  57.5001 0004974 101.7173 258.4543 13.85469284  3092
SDA_1669                
1 65979U 25230F   25311.25268416  .00000349  00000+0  29687-3 0  9994
2 65979  81.3019  57.5057 0005061  89.1203 271.0534 13.85236035  3094
SDA_1670                
1 65980U 25230G   25311.25947574  .00000332  00000+0  28379-3 0  9994
2 65980  81.2997  57.5105 0003574  64.4641 295.6886 13.84812799  3091
SDA_1671                
1 65981U 25230H   25311.25064566  .00000389  00000+0  33133-3 0  9992
2 65981  81.3023  57.5037 0005021  96.0419 264.1310 13.85362569  3099
SDA_1672                
1 65982U 25230J   25311.25718250  .00000343  00000+0  29310-3 0  9991
2 65982  81.3031  57.5153 0004263  69.6924 290.4691 13.84955630  3092
SDA_1673                
1 65983U 25230K   25311.24756840  .00000335  00000+0  28345-3 0  9996
2 65983  81.3029  57.5041 0005123 106.2816 253.8906 13.85555368  3097
SDA_1674                
1 65984U 25230L   25311.25010097  .00000372  00000+0  31680-3 0  9992
2 65984  81.3020  57.5021 0004972  97.8447 262.3275 13.85397295  3090
SDA_1675                
1 65985U 25230M   25311.26086791  .00000336  00000+0  28776-3 0  9990
2 65985  81.2997  57.5124 0003411  59.1513 300.9979 13.84725995  3090
SDA_1676                
1 65986U 25230N   25311.26328286  .00000349  00000+0  30054-3 0  9995
2 65986  81.3028  57.5221 0002692  51.1653 308.9744 13.84575547  3096
SDA_1677                
1 65987U 25230P   25311.26190404  .00000328  00000+0  28105-3 0  9996
2 65987  81.3001  57.5151 0003050  55.7356 304.4090 13.84661114  3090
SDA_1678                
1 65988U 25230Q   25311.24827367  .00000360  00000+0  30571-3 0  9996
2 65988  81.3032  57.5067 0005035 104.1662 256.0055 13.85511071  3095
SDA_1679                
1 65989U 25230R   25311.25150385  .00000382  00000+0  32550-3 0  9990
2 65989  81.3030  57.5113 0005167  93.0263 267.1486 13.85309693  3091
SDA_1680                
1 65990U 25230S   25311.25345386  .00000334  00000+0  28424-3 0  9991
2 65990  81.3022  57.5082 0004991  86.1789 273.9939 13.85188342  3093
SDA_1681                
1 65991U 25230T   25311.25217017  .00000356  00000+0  30305-3 0  9996
2 65991  81.3020  57.5049 0005093  90.7060 269.4681 13.85268022  3090
SDA_1682                
1 65992U 25230U   25311.25915031  .00000321  00000+0  27429-3 0  9993
2 65992  81.3047  57.5219 0003657  65.5101 294.6438 13.84832633  3093
SDA_1683                
1 65993U 25230V   25311.25785993  .00000339  00000+0  28993-3 0  9992
2 65993  81.3038  57.5177 0003992  68.2115 291.9466 13.84913529  3099
SDA_1684                
1 65994U 25230W   25311.26018234  .00000376  00000+0  32311-3 0  9991
2 65994  81.3021  57.5171 0003751  55.4610 304.6901 13.84768904  3098
HULIANWANG DIGUI 12A    
1 65995U 25231A   25310.95244248  .00000071  00000+0  14075-3 0  9993
2 65995  50.0006 268.5824 0005554 329.7062  30.3521 14.03578346  3086
HULIANWANG DIGUI 12B    
1 65996U 25231B   25310.95515307  .00000062  00000+0  13505-3 0  9998
2 65996  50.0005 268.5949 0008450 335.5689  24.4813 14.03606383  3083
HULIANWANG DIGUI 12C    
1 65997U 25231C   25310.95120808  .00000069  00000+0  13949-3 0  9996
2 65997  49.9968 268.5675 0006525 334.2283  25.8296 14.03615885  3089
HULIANWANG DIGUI 12D    
1 65998U 25231D   25310.94475724  .00000065  00000+0  13572-3 0  9994
2 65998  50.0017 268.5402 0005958 340.1215  19.9457 14.04329764  3088
HULIANWANG DIGUI 12E    
1 65999U 25231E   25310.80710432  .00000084  00000+0  14822-3 0  9998
2 65999  50.0014 269.1500 0008312 349.3271  10.7456 14.03845480  3065
HULIANWANG DIGUI 12F    
1 66000U 25231F   25310.93971166  .00000061  00000+0  13215-3 0  9999
2 66000  50.0066 268.5261 0004766 345.9672  14.1100 14.04739476  3083
HULIANWANG DIGUI 12G    
1 66001U 25231G   25310.80396881  .00000101  00000+0  15912-3 0  9992
2 66001  50.0023 269.1348 0006749 357.3229   2.7638 14.03867534  3061
HULIANWANG DIGUI 12H    
1 66002U 25231H   25310.87657414  .00000069  00000+0  13980-3 0  9998
2 66002  50.0090 268.8660 0007528 347.8807  12.1915 14.03631842  3076
HULIANWANG DIGUI 12J    
1 66003U 25231J   25310.80073523  .00000098  00000+0  15721-3 0  9992
2 66003  50.0036 269.1219 0005560 346.7244  13.3513 14.03907837  3064
CZ-8A R/B               
1 66004U 25231K   25311.26199668  .00000032  00000+0  70436-4 0  9996
2 66004  50.0034 263.4312 0116674 162.2151 198.2901 14.30034443  3182
STARLINK-34849          
1 66005U 25232A   25311.33335648 -.01663665  00000+0 -44726-1 0  9996
2 66005  53.1601 314.5071 0002055  74.0701 169.8804 15.40832436  3844
STARLINK-35336          
1 66006U 25232B   25311.33335648  .00071062  00000+0  12750-2 0  9991
2 66006  53.1591 314.4481 0001740 106.1825 167.3322 15.49289288  3850
STARLINK-35196          
1 66007U 25232C   25311.33335648  .00100349  00000+0  17932-2 0  9990
2 66007  53.1592 314.4444 0001484  92.3117 183.2357 15.49246773  3853
STARLINK-35236          
1 66008U 25232D   25311.33335648  .00010443  00000+0  19564-3 0  9990
2 66008  53.1591 314.4402 0001617  83.0620 194.3968 15.49299140  3858
STARLINK-35276          
1 66009U 25232E   25311.33335648 -.02065556  00000+0 -45863-1 0  9999
2 66009  53.1597 314.4418 0001282  93.1077 183.4318 15.46631596  3847
STARLINK-35297          
1 66010U 25232F   25311.33335648  .00099454  00000+0  17781-2 0  9990
2 66010  53.1591 314.4323 0001331  79.4064 201.9338 15.49235465  3853
STARLINK-35256          
1 66011U 25232G   25311.33335648  .00127468  00000+0  22678-2 0  9999
2 66011  53.1592 314.4156 0001560  68.9086 220.0467 15.49244898  3855
STARLINK-35293          
1 66012U 25232H   25311.33335648  .00127939  00000+0  22761-2 0  9996
2 66012  53.1591 314.4275 0001540  64.6255 218.5916 15.49244229  3855
STARLINK-35307          
1 66013U 25232J   25311.33335648 -.01674082  00000+0 -42694-1 0  9992
2 66013  53.1602 314.4605 0001711  71.6034 195.3620 15.42424978  3789
STARLINK-35395          
1 66014U 25232K   25311.33335648 -.02110423  00000+0 -43206-1 0  9998
2 66014  53.1594 314.4205 0001544  93.8540 193.1402 15.49014011  3849
STARLINK-34622          
1 66015U 25232L   25311.33335648  .00013236  00000+0  24575-3 0  9999
2 66015  53.1594 314.4040 0001692  83.8061 210.9058 15.49296144  3741
STARLINK-35243          
1 66016U 25232M   25311.33335648  .00025870  00000+0  47197-3 0  9992
2 66016  53.1593 314.4080 0001682  84.7003 208.0926 15.49289352  3857
STARLINK-35398          
1 66017U 25232N   25311.33335648 -.00751027  00000+0 -20082-1 0  9997
2 66017  53.1601 314.4561 0002273  57.2810 211.0306 15.40068824  3777
STARLINK-35376          
1 66018U 25232P   25311.33335648  .00011279  00000+0  21066-3 0  9999
2 66018  53.1593 314.4000 0001704  83.5825 213.0473 15.49295938  3866
STARLINK-35382          
1 66019U 25232Q   25311.33335648 -.00008937  00000+0 -15281-3 0  9991
2 66019  53.1593 314.4113 0001704  85.9666 204.9113 15.49305477  3850
STARLINK-35430          
1 66020U 25232R   25311.33335648 -.02062720  00000+0 -45618-1 0  9990
2 66020  53.1593 314.3933 0001298  88.7950 210.9927 15.46740567  3856
STARLINK-35432          
1 66021U 25232S   25311.33335648 -.02036020  00000+0 -50019-1 0  9996
2 66021  53.1593 314.4177 0001530  84.5245 203.2379 15.43645362  3779
STARLINK-35340          
1 66022U 25232T   25311.33335648 -.01836015  00000+0 -36738-1 0  9990
2 66022  53.1595 314.3839 0000836  84.2886 219.8851 15.49748577  3857
STARLINK-35394          
1 66023U 25232U   25311.33335648  .00027435  00000+0  50009-3 0  9995
2 66023  53.1593 314.3792 0001305  94.2210 212.0025 15.49281007  3856
STARLINK-35410          
1 66024U 25232V   25311.33335648  .00099368  00000+0  17758-2 0  9993
2 66024  53.1594 314.3714 0001463  88.9439 221.0993 15.49247843  3854
STARLINK-35280          
1 66025U 25232W   25311.33335648  .00067980  00000+0  12228-2 0  9996
2 66025  53.1593 314.3751 0001318  76.6979 231.4560 15.49237616  3781
STARLINK-34812          
1 66026U 25232X   25311.33335648  .00023701  00000+0  43316-3 0  9993
2 66026  53.1596 314.3681 0001711  82.0093 229.9509 15.49291641  3808
STARLINK-35341          
1 66027U 25232Y   25311.33335648 -.00156011  00000+0 -28478-2 0  9998
2 66027  53.1816 314.0395 0001410  80.0590  34.5524 15.49363192  3852
STARLINK-35339          
1 66028U 25232Z   25311.33335648 -.00048858  00000+0 -87581-3 0  9999
2 66028  53.1591 314.0363 0001266  83.6193  32.9324 15.49311487  3787
STARLINK-35399          
1 66029U 25232AA  25311.33335648 -.00043807  00000+0 -78403-3 0  9992
2 66029  53.1592 314.0325 0001289  78.5917  39.8806 15.49307609  3792
STARLINK-35431          
1 66030U 25232AB  25311.33335648 -.00043768  00000+0 -78331-3 0  9990
2 66030  53.1592 314.0275 0001411  80.4557  39.9333 15.49307560  3799
STARLINK-35326          
1 66031U 25232AC  25311.33335648 -.00051050  00000+0 -91571-3 0  9995
2 66031  53.1591 314.0243 0001228  77.1914  45.1096 15.49311816  3851
STARLINK-35311          
1 66032U 25232AD  25311.33335648 -.00051027  00000+0 -91523-3 0  9997
2 66032  53.1592 314.0195 0001145  81.0999  43.1176 15.49314051  3855
QIANFAN-91              
1 66033U 25233A   25311.25306234  .00000919  00000+0  37925-3 0  9997
2 66033  88.9953  66.1163 0016678 143.9672 216.2649 14.25921070  2985
QIANFAN-92              
1 66034U 25233B   25311.25222258  .00000916  00000+0  37750-3 0  9994
2 66034  88.9952  66.1160 0016280 146.4378 213.7851 14.26002856  2982
QIANFAN-93              
1 66035U 25233C   25311.25097335  .00000928  00000+0  38198-3 0  9991
2 66035  88.9953  66.1160 0015596 145.8169 214.4032 14.26086557  2983
QIANFAN-94              
1 66036U 25233D   25311.25065975  .00000931  00000+0  38301-3 0  9997
2 66036  88.9953  66.1160 0015666 145.4795 214.7419 14.26111742  2980
QIANFAN-95              
1 66037U 25233E   25311.25025291  .00000918  00000+0  37742-3 0  9998
2 66037  88.9953  66.1159 0015621 145.8513 214.3689 14.26156866  2983
QIANFAN-96              
1 66038U 25233F   25311.24998840  .00000895  00000+0  36742-3 0  9990
2 66038  88.9953  66.1158 0016268 147.7100 212.5093 14.26160583  2984
QIANFAN-97              
1 66039U 25233G   25311.24988307  .00000901  00000+0  37005-3 0  9999
2 66039  88.9953  66.1158 0015843 147.1982 213.0198 14.26166529  2983
QIANFAN-98              
1 66040U 25233H   25311.24959817  .00000903  00000+0  37059-3 0  9996
2 66040  88.9953  66.1159 0015473 145.9816 214.2373 14.26187971  2989
QIANFAN-99              
1 66041U 25233J   25311.24944160  .00000908  00000+0  37256-3 0  9996
2 66041  88.9953  66.1158 0015609 145.1030 215.1190 14.26203496  2988
QIANFAN-100             
1 66042U 25233K   25311.10902115  .00000779  00000+0  31888-3 0  9997
2 66042  88.9953  66.1320 0016056 147.1323 213.0872 14.26218093  2965
QIANFAN-101             
1 66043U 25233L   25311.24620995  .00000548  00000+0  22047-3 0  9997
2 66043  88.9953  66.1153 0016024 144.9517 215.2735 14.26637853  2988
QIANFAN-102             
1 66044U 25233M   25311.24922939  .00000922  00000+0  37846-3 0  9990
2 66044  88.9952  66.1156 0016436 146.8295 213.3932 14.26223364  2988
QIANFAN-103             
1 66045U 25233N   25311.24888672  .00000924  00000+0  37886-3 0  9992
2 66045  88.9953  66.1158 0015819 145.6222 214.5999 14.26252605  2989
QIANFAN-104             
1 66046U 25233P   25311.24863620  .00000930  00000+0  38136-3 0  9995
2 66046  88.9953  66.1158 0015805 147.8492 212.3669 14.26273362  2981
QIANFAN-105             
1 66047U 25233Q   25311.24817260  .00000918  00000+0  37599-3 0  9993
2 66047  88.9952  66.1156 0016001 147.9860 212.2310 14.26331657  2982
QIANFAN-106             
1 66048U 25233R   25311.24822110  .00000904  00000+0  37024-3 0  9992
2 66048  88.9953  66.1157 0015863 147.6507 212.5663 14.26314934  2988
QIANFAN-107             
1 66049U 25233S   25311.24797736  .00000908  00000+0  37171-3 0  9995
2 66049  88.9952  66.1155 0016659 145.8170 214.4100 14.26343827  2986
QIANFAN-108             
1 66050U 25233T   25311.24769916  .00000895  00000+0  36618-3 0  9996
2 66050  88.9952  66.1154 0016625 147.5029 212.7192 14.26356826  2987
CZ-6A R/B               
1 66051U 25233U   25311.29137787  .00000502  00000+0  10227-3 0  9990
2 66051  89.0292  66.0360 0085566  48.1925 312.6553 14.57015673  3052
2025-234A               
1 66053U 25234A   25311.25827188  .00037067  00000+0  15880-2 0  9995
2 66053  97.4611  16.7792 0014555 218.4327 141.5874 15.22579156  2914
2025-234B               
1 66054U 25234B   25311.26834794  .00010524  00000+0  47304-3 0  9994
2 66054  97.5037  16.8670 0014245 210.0611 149.9808 15.21231239  2919
2025-234C               
1 66055U 25234C   25311.26683343  .00008737  00000+0  39147-3 0  9996
2 66055  97.4560  16.7559 0014885 212.1131 147.9199 15.21384728  2918
2025-234D               
1 66056U 25234D   25311.26455688  .00026325  00000+0  11539-2 0  9993
2 66056  97.4538  16.7538 0014857 211.6562 148.3782 15.21870749  2907
2025-234E               
1 66057U 25234E   25311.26934180  .00451500  00000+0  13177-1 0  9999
2 66057  97.4835  16.9852 0013803 229.2876 130.7168 15.33376684  2929
STARLINK-35552          
1 66058U 25235A   25311.23166112  .00259610  00000+0  19057-2 0  9992
2 66058  53.1565  96.8338 0001617   5.9576 354.1462 15.71821190  4134
STARLINK-35560          
1 66059U 25235B   25311.33335648 -.01974825  00000+0 -29182-1 0  9990
2 66059  53.1595  96.4764 0001117  79.9011  65.0033 15.58239051  4188
STARLINK-35558          
1 66060U 25235C   25311.33335648 -.01975222  00000+0 -29187-1 0  9999
2 66060  53.1596  96.4709 0001088  81.3447  65.4752 15.58240164  4186
STARLINK-35566          
1 66061U 25235D   25311.33335648 -.01974745  00000+0 -29180-1 0  9992
2 66061  53.1597  96.4681 0001161  85.4887  63.2502 15.58239182  4189
STARLINK-35421          
1 66062U 25235E   25311.33335648 -.01973134  00000+0 -29154-1 0  9995
2 66062  53.1594  96.4635 0001136  78.9309  71.7243 15.58237887  4180
STARLINK-35562          
1 66063U 25235F   25311.33335648 -.01970919  00000+0 -29117-1 0  9993
2 66063  53.1597  96.4600 0001185  80.1053  72.4671 15.58237176  4185
STARLINK-35542          
1 66064U 25235G   25311.33335648 -.01976480  00000+0 -29206-1 0  9992
2 66064  53.1597  96.4549 0001128  79.6218  74.8639 15.58241642  4184
STARLINK-35375          
1 66065U 25235H   25311.33335648 -.01968969  00000+0 -29087-1 0  9993
2 66065  53.1597  96.4517 0001167  82.1741  74.2337 15.58235142  4180
STARLINK-35179          
1 66066U 25235J   25311.33335648 -.01973711  00000+0 -29165-1 0  9992
2 66066  53.1595  96.4484 0001066  84.2518  74.0719 15.58237629  4189
STARLINK-35401          
1 66067U 25235K   25311.33335648 -.01975029  00000+0 -29184-1 0  9998
2 66067  53.1598  96.4437 0001129  82.5165  77.7216 15.58239913  4135
STARLINK-35422          
1 66068U 25235L   25311.33335648 -.01974672  00000+0 -29178-1 0  9995
2 66068  53.1597  96.4397 0001195  84.5697  77.5868 15.58239139  4136
STARLINK-35279          
1 66069U 25235M   25311.33335648 -.01973273  00000+0 -29156-1 0  9998
2 66069  53.1598  96.4359 0001155  86.5052  77.5687 15.58237974  4188
STARLINK-35295          
1 66070U 25235N   25311.33335648 -.01974598  00000+0 -29175-1 0  9992
2 66070  53.1597  96.4283 0001181  83.2106  84.6935 15.58241138  4180
STARLINK-35323          
1 66071U 25235P   25311.33335648 -.01972339  00000+0 -29142-1 0  9998
2 66071  53.1598  96.4314 0001146  83.4599  82.5317 15.58236828  4187
STARLINK-35299          
1 66072U 25235Q   25311.33335648 -.01975482  00000+0 -29192-1 0  9996
2 66072  53.1597  96.4233 0001100  89.6199  80.2032 15.58240036  4186
STARLINK-35274          
1 66073U 25235R   25311.33335648 -.01970541  00000+0 -29111-1 0  9999
2 66073  53.1596  96.4190 0001178  85.2485  86.4926 15.58237091  4180
STARLINK-35321          
1 66074U 25235S   25311.33335648 -.01977557  00000+0 -29225-1 0  9990
2 66074  53.1600  96.4146 0001083  92.8771  80.7791 15.58241579  4188
STARLINK-35131          
1 66075U 25235T   25311.33335648 -.01973027  00000+0 -29153-1 0  9999
2 66075  53.1597  96.4022 0001071  87.1941  92.2139 15.58237942  4183
STARLINK-34801          
1 66076U 25235U   25311.33335648 -.01972592  00000+0 -29145-1 0  9997
2 66076  53.1599  96.4104 0001132  79.5179  96.0558 15.58237890  4182
STARLINK-35129          
1 66077U 25235V   25311.33335648 -.01977592  00000+0 -29224-1 0  9991
2 66077  53.1599  96.4076 0001098  91.5355  85.9526 15.58242542  4184
STARLINK-35116          
1 66078U 25235W   25311.33335648 -.01974422  00000+0 -29175-1 0  9996
2 66078  53.1600  96.3940 0001079  86.5470  96.6932 15.58239471  4185
STARLINK-35402          
1 66079U 25235X   25311.33335648 -.01976360  00000+0 -29205-1 0  9994
2 66079  53.1601  96.3904 0001150  91.6292  93.5276 15.58241302  4189
STARLINK-35325          
1 66080U 25235Y   25311.33335648 -.01974412  00000+0 -29174-1 0  9997
2 66080  53.1599  96.3978 0001093  86.1932  95.1301 15.58239528  4188
STARLINK-35403          
1 66081U 25235Z   25311.33335648 -.01974777  00000+0 -29180-1 0  9999
2 66081  53.1600  96.3838 0001071  92.2965  96.6942 15.58240015  4187
STARLINK-35011          
1 66082U 25235AA  25311.33335648 -.01978931  00000+0 -29245-1 0  9998
2 66082  53.1601  96.3858 0001103  91.8746  95.1965 15.58244015  4182
STARLINK-35291          
1 66083U 25235AB  25311.33335648 -.01971280  00000+0 -29122-1 0  9993
2 66083  53.1601  96.3783 0001189  85.0957 105.8132 15.58237886  4131
STARLINK-35379          
1 66084U 25235AC  25311.33335648 -.01971616  00000+0 -29130-1 0  9996
2 66084  53.1603  96.3740 0001084  84.4457 108.3802 15.58237004  4188
STARLINK-35370          
1 66085U 25235AD  25311.25001157 -.01957493  00000+0 -28508-1 0  9998
2 66085  53.1600  96.7738 0000886  80.3526   6.5376 15.58589906  4128
STARLINK-35596          
1 66086U 25236A   25311.29564322  .00274070  00000+0  18170-2 0  9997
2 66086  53.1568 316.0939 0001610  52.5707 307.5459 15.74168502  4153
STARLINK-35563          
1 66087U 25236B   25311.29531179  .00273894  00000+0  18163-2 0  9997
2 66087  53.1571 316.0921 0001637  46.4753 313.6402 15.74163255  4090
STARLINK-35461          
1 66088U 25236C   25311.29463281  .00265421  00000+0  17615-2 0  9994
2 66088  53.1570 316.0873 0001559  51.1287 308.9872 15.74169863  4093
STARLINK-35571          
1 66089U 25236D   25311.10449369  .00214993  00000+0  14412-2 0  9996
2 66089  53.1570 317.0350 0001255  72.0180 288.0976 15.74090112  4129
STARLINK-35570          
1 66090U 25236E   25311.29429383  .00271493  00000+0  17982-2 0  9995
2 66090  53.1570 316.0857 0001135  86.7857 273.3293 15.74197612  4157
STARLINK-35532          
1 66091U 25236F   25311.29395793  .00242529  00000+0  16137-2 0  9992
2 66091  53.1571 316.0830 0001170  84.6229 275.4925 15.74179422  4153
STARLINK-35527          
1 66092U 25236G   25311.29361497  .00243470  00000+0  16191-2 0  9993
2 66092  53.1570 316.0802 0000921 122.3494 237.7615 15.74188228  4150
STARLINK-35500          
1 66093U 25236H   25311.29328078  .00250230  00000+0  16640-2 0  9993
2 66093  53.1570 316.0781 0001417  57.2694 302.8462 15.74169462  4159
STARLINK-35528          
1 66094U 25236J   25311.29294289  .00237955  00000+0  15841-2 0  9991
2 66094  53.1570 316.0759 0001058  51.4341 308.6774 15.74180772  4158
STARLINK-35559          
1 66095U 25236K   25311.22910311  .00257456  00000+0  17088-2 0  9999
2 66095  53.1572 316.3884 0001083  52.7801 307.3317 15.74192122  4146
STARLINK-34386          
1 66096U 25236L   25311.29226515  .00270832  00000+0  17946-2 0  9999
2 66096  53.1570 316.0709 0001032  96.6236 263.4901 15.74189688  4156
STARLINK-35613          
1 66097U 25236M   25311.29159053  .00168276  00000+0  11321-2 0  9991
2 66097  53.1573 316.0659 0001156 109.5313 250.5832 15.74155064  4152
STARLINK-34206          
1 66098U 25236N   25311.29125323  .00271597  00000+0  17994-2 0  9998
2 66098  53.1573 316.0639 0001216  37.0595 323.0508 15.74191076  4143
STARLINK-34460          
1 66099U 25236P   25311.29192883  .00229617  00000+0  15325-2 0  9996
2 66099  53.1571 316.0689 0001509  37.7643 322.3483 15.74146784  4154
STARLINK-35609          
1 66100U 25236Q   25311.22742296  .00193304  00000+0  12975-2 0  9992
2 66100  53.1572 316.3761 0001040  89.4707 270.6432 15.74128720  4088
STARLINK-35595          
1 66101U 25236R   25311.29057575  .00275425  00000+0  18266-2 0  9993
2 66101  53.1572 316.0584 0001407  47.1660 312.9478 15.74156386  4095
STARLINK-35599          
1 66102U 25236S   25311.29023590  .00253624  00000+0  16850-2 0  9998
2 66102  53.1574 316.0572 0001284  42.0155 318.0964 15.74181184  4092
STARLINK-35622          
1 66103U 25236T   25311.28956105  .00264111  00000+0  17509-2 0  9990
2 66103  53.1574 316.0521 0000841  76.4358 283.6756 15.74199489  4151
STARLINK-35452          
1 66104U 25236U   25311.28990256  .00177015  00000+0  11902-2 0  9993
2 66104  53.1574 316.0540 0001656 139.6817 220.4326 15.74139298  4154
STARLINK-35561          
1 66105U 25236V   25311.28921384  .00282747  00000+0  18681-2 0  9990
2 66105  53.1574 316.0496 0001085  73.7236 286.3903 15.74222821  4094
STARLINK-35584          
1 66106U 25236W   25311.28888413  .00272609  00000+0  18051-2 0  9993
2 66106  53.1573 316.0467 0001406 109.5723 250.5449 15.74200956  4158
STARLINK-35593          
1 66107U 25236X   25311.28854861  .00235846  00000+0  15708-2 0  9992
2 66107  53.1575 316.0446 0001015  94.0685 266.0451 15.74177063  4156
STARLINK-35590          
1 66108U 25236Y   25311.28786974  .00305345  00000+0  20123-2 0  9991
2 66108  53.1574 316.0399 0001054 106.8278 253.2857 15.74214438  4095
STARLINK-35545          
1 66109U 25236Z   25311.28820772  .00285054  00000+0  18850-2 0  9995
2 66109  53.1574 316.0422 0001137 115.4798 244.6340 15.74195500  4154
STARLINK-35427          
1 66110U 25236AA  25311.28753215  .00216999  00000+0  14514-2 0  9999
2 66110  53.1578 316.0373 0001352  55.7150 304.3997 15.74135877  4155
STARLINK-35574          
1 66111U 25236AB  25311.28719038  .00305785  00000+0  20149-2 0  9998
2 66111  53.1575 316.0351 0001639 145.2195 214.8932 15.74216254  4097
STARLINK-35531          
1 66112U 25236AC  25311.28651851  .00244715  00000+0  16279-2 0  9991
2 66112  53.1578 316.0301 0001188  71.4132 288.7016 15.74178415  4152
STARLINK-35491          
1 66113U 25236AD  25311.28685362  .00302571  00000+0  19970-2 0  9992
2 66113  53.1575 316.0324 0001426  70.2895 289.8278 15.74187448  4151
STARLINK-35496          
1 66114U 25237A   25311.25001157 -.01906454  00000+0 -15027-1 0  9996
2 66114  53.1596 255.9819 0001562  66.2843  56.8127 15.74106227  3772
STARLINK-35428          
1 66115U 25237B   25311.25001157 -.01912433  00000+0 -15079-1 0  9998
2 66115  53.1595 255.9780 0001260 101.5388  23.4682 15.74112862  3779
STARLINK-35573          
1 66116U 25237C   25311.25001157 -.01930487  00000+0 -15237-1 0  9994
2 66116  53.1594 255.9741 0001140  79.2949  47.6282 15.74125678  3770
STARLINK-35572          
1 66117U 25237D   25311.25001157 -.01933904  00000+0 -15264-1 0  9992
2 66117  53.1595 255.9663 0001159  64.2451  66.5025 15.74132168  3774